# cfs = cubic feet per second
#
# STATION = U.S. Geological Survey station identification number
# trimQ2   =   2-year peak streamflow in cfs by trimmed mean as explained in text
# trimQ5   =   5-year peak streamflow in cfs by trimmed mean as explained in text
# trimQ10  =  10-year peak streamflow in cfs by trimmed mean as explained in text
# trimQ25  =  25-year peak streamflow in cfs by trimmed mean as explained in text
# trimQ50  =  50-year peak streamflow in cfs by trimmed mean as explained in text
# trimQ100 = 100-year peak streamflow in cfs by trimmed mean as explained in text
# trimQ200 = 200-year peak streamflow in cfs by trimmed mean as explained in text
# trimQ250 = 250-year peak streamflow in cfs by trimmed mean as explained in text
# trimQ500 = 500-year peak streamflow in cfs by trimmed mean as explained in text
#
STATION,trimQ2,trimQ5,trimQ10,trimQ25,trimQ50,trimQ100,trimQ200,trimQ250,trimQ500
07153500,2683,6336,10452,18915,28300,40507,58322,65469,93274
07154400,1703,4364,6852,10781,14533,19125,24434,26353,33072
07154500,5765,13820,21258,33059,44055,57499,72997,78581,98060
07154650,1610,4061,5833,8047,9829,11579,13385,13982,15895
07155000,10410,15351,17340,19182,20132,20882,21497,21673,22166
07155100,88.23,407,853,1704,2615,3805,5676,6481,9665
07157960,1222,3939,6751,11568,16208,22393,30186,32942,42816
07225000,940,1835,2489,3329,3993,4648,5315,5533,6222
07225500,6351,9719,11489,13540,15113,16635,18133,18612,20103
07226300,419,753,987,1297,1541,1789,2047,2133,2408
07226500,12641,22714,30940,43696,55539,68435,83212,88441,106381
07227000,38421,82161,123125,183814,236619,305392,387615,417635,524002
07227050,179,331,454,635,790,964,1159,1226,1454
07227100,5351,9825,13892,20295,25904,33113,41796,44970,56214
07227200,828,2516,4238,7053,9940,13662,18190,19868,25921
07227295,45.92,125,199,310,406,532,684,740,937
07227460,91.15,433,951,1935,2998,4402,6563,7519,11354
07227480,7.37,22.51,45.19,94.48,152,236,360,417,660
07227500,32388,54459,72046,97660,119394,144152,171461,180935,212714
07227920,1287,2510,3214,3993,4594,5123,5574,5713,6125
07228000,31046,61205,83491,109996,132524,156314,181693,190256,218248
07232500,7590,18243,26815,39032,49375,61115,72904,76872,89811
07232650,202,725,1294,1995,2706,3641,4793,5221,6768
07233000,3046,7854,11717,17076,21665,27141,32507,34267,39984
07233500,2162,5227,8241,13365,18139,24522,32751,35860,46690
07234150,72.26,204,338,536,719,969,1281,1398,1823
07234290,147,430,771,1375,1900,2674,3768,4194,5823
07235700,433,1217,2158,4043,6046,8651,12512,14033,19958
07237750,504,1027,1378,1807,2115,2413,2705,2798,3086
07237800,2267,4287,5932,8158,10030,12206,14656,15512,18410
07295500,1644,4281,6812,10800,14719,19578,25277,27354,34696
07297910,8002,18122,27545,42910,56693,74840,96771,104451,131357
07298000,902,2550,4150,6701,9161,12251,15872,17191,21854
07298150,16.77,39.98,56.00,75.74,92.98,109,124,129,144
07298200,2149,4472,6784,10699,14572,19426,25588,27901,36342
07298500,23841,37749,46226,55144,61907,68422,74802,76841,82803
07299200,18880,34751,50852,78672,105154,140774,187770,205729,272671
07299300,2746,3388,3627,3832,3928,3998,4049,4063,4099
07299500,23702,39947,50283,62398,71559,79889,87912,90437,98128
07299512,412,954,1459,2131,2774,3569,4509,4850,6051
07299540,15085,30028,43503,64972,83966,108514,137389,147573,183021
07299570,20036,36087,48853,66609,81674,99068,118417,124920,146559
07299575,23.56,53.56,75.93,103,127,154,178,186,212
07299670,1793,4684,7530,12235,16547,22307,29696,32394,41486
07299890,209,569,931,1506,2019,2743,3664,4011,5291
07299940,73.16,110,135,165,190,214,238,246,271
07300000,17076,46249,76801,129703,181171,249944,339730,371628,486789
07300150,651,1656,2488,3692,4721,5814,6979,7383,8735
07300500,13554,26989,37742,52172,64173,77909,93223,98539,115781
07301300,3846,7727,11095,16360,21031,26630,33091,35397,43358
07301410,455,954,1340,1876,2314,2774,3265,3430,3968
07301455,1084,2028,2559,3124,3487,3810,4107,4198,4468
07301480,431,944,1388,2045,2669,3375,4181,4467,5452
07301500,6260,12923,18450,26734,34317,42683,52115,55424,66661
07303400,4104,10278,16878,29045,42449,60754,85371,94799,130535
07303450,947,1705,2220,2865,3355,3831,4305,4458,4933
07303500,8022,15950,21574,28795,34680,40320,45974,47808,53581
07307500,913,1989,3125,5241,7393,10317,14463,16014,21802
07307720,471,782,928,1096,1207,1302,1383,1408,1475
07307800,5698,10989,14966,20365,24704,29185,33879,35439,40455
07308000,39714,64156,79646,99157,113306,127032,140644,145021,158647
07308200,9858,19278,26085,34161,40930,48020,55523,58042,65596
07308220,306,631,908,1304,1708,2170,2685,2868,3504
07308500,27433,53795,77622,116189,150963,195183,246639,265271,330534
07309480,1080,1816,2129,2442,2610,2749,2868,2903,3003
07311200,1691,3691,5467,8260,10732,13762,17197,18418,22616
07311500,7151,15906,24552,39602,54257,73526,97513,106497,139157
07311600,2238,5287,7927,11846,15244,19494,24485,26282,32102
07311630,404,613,880,1415,2009,2816,4085,4627,6774
07311700,3791,8301,12730,20381,27469,36972,49245,53895,70545
07311783,621,1630,2956,5975,9584,14664,22615,26159,40943
07311790,841,1579,2126,2857,3463,4093,4769,4998,5748
07311800,2856,5617,8325,12651,16378,21400,27583,29878,38157
07311900,9129,14423,18056,22552,26152,29773,33381,34555,38250
07312140,185,368,485,616,723,831,931,962,1057
07312850,761,1859,2751,3997,5026,6127,7304,7703,9010
07312950,780,1876,3048,5183,7453,10488,14801,16509,23053
07313000,14221,30282,40986,52894,62815,72860,83208,86623,97539
07314200,77.34,137,183,243,294,350,413,435,507
07314500,2829,6262,10055,16705,23220,31864,44065,48783,66645
07314900,2859,4746,5884,7142,8082,8914,9689,9929,10652
07315200,1518,5125,9374,17121,24804,34789,49833,55736,78449
07315680,565,1118,1498,1967,2350,2743,3119,3239,3610
07315700,6011,15425,24387,38331,50686,67107,87283,94753,121099
07315880,1959,2175,2258,2331,2366,2392,2412,2417,2431
07316140,2866,5557,7752,10964,13826,16989,20495,21715,25826
07316200,1979,2257,2329,2395,2421,2439,2452,2455,2464
07317500,440,1094,1738,2706,3542,4669,6038,6544,8355
07318500,294,647,922,1258,1560,1892,2257,2383,2804
07320000,797,1311,1568,1821,1972,2101,2214,2248,2346
07321500,347,725,1044,1508,1939,2419,2968,3161,3817
07324000,1129,2410,3379,4550,5577,6681,7880,8289,9641
07332070,365,672,947,1327,1664,2077,2559,2731,3332
07332400,9599,18531,25160,34030,41359,48703,56303,58814,66836
07332500,9035,17501,24894,36426,46445,58902,72884,77845,94870
07332600,9131,12759,14436,16288,17374,18325,19177,19435,20192
07332602,2668,3050,3149,3225,3254,3273,3287,3291,3301
07333500,7869,11207,12948,14918,16142,17253,18282,18599,19551
07335310,285,435,511,588,637,677,713,723,753
07335320,3722,5234,5780,6252,6481,6655,6794,6832,6939
07335500,80702,162907,240184,362222,472157,616219,793170,858582,1093072
07336500,34071,48988,58499,69478,77825,85900,93626,96087,103670
07336520,2640,4704,6116,7713,9017,10335,11692,12140,13570
07336710,777,1189,1475,1806,2076,2351,2636,2730,3033
07336750,5587,11437,17141,26877,36309,48594,63901,69642,90550
07336780,2101,3083,3730,4548,5221,5857,6508,6722,7402
07336800,3999,7579,10525,15016,19426,24368,29951,31940,38808
07336940,98.92,157,195,241,277,314,349,360,395
07339800,1089,2381,3406,4859,6084,7357,8722,9185,10720
07340200,1722,2696,3226,3776,4152,4470,4752,4836,5085
07340530,194,347,455,594,707,817,929,965,1080
07341100,2202,4382,6054,8343,10251,12253,14401,15127,17503
07341700,1965,3458,4821,7038,9040,11704,15026,16220,20434
07342350,2918,4476,5432,6496,7292,8026,8718,8935,9593
07342450,123,238,321,420,505,594,690,723,820
07342465,7765,11651,13468,15188,16176,16988,17674,17873,18440
07342470,10260,14508,17918,23018,27533,33036,38890,40950,47972
07342480,3934,6322,7335,8255,8770,9197,9563,9670,9980
07342500,13706,22394,28516,36431,42711,48986,55399,57498,64130
07343000,35375,49804,57876,67382,73528,79257,84698,86430,91697
07343200,31016,45231,54123,64728,72317,79518,86448,88627,95250
07343300,4409,8519,12406,18832,24780,32627,42060,45557,58132
07343350,625,750,787,824,840,851,859,862,868
07343500,12008,22869,30733,40904,49250,58029,66761,69608,78618
07343800,21951,36591,49170,68727,86909,109023,133935,142884,174350
07343900,344,465,532,606,655,699,740,752,789
07344000,29090,52272,68989,91375,108911,126853,145599,151803,171646
07344320,282,475,599,748,855,958,1057,1089,1186
07344450,2694,5638,8477,13329,17963,24033,31490,34267,44301
07344486,1447,3171,4773,7356,9891,13012,16693,18041,22823
07344490,1100,1348,1438,1518,1555,1581,1601,1607,1621
07344500,6913,15126,23132,36893,49761,67144,88989,96905,125342
07344600,505,871,1070,1286,1422,1543,1651,1684,1782
07345000,2530,5869,9377,15828,22365,31096,43290,47832,64696
07346000,6266,14655,22561,34979,45994,60436,78078,84583,107847
07346010,25.70,70.38,114,163,212,270,337,361,444
07346045,3256,6031,8012,10559,12605,14605,16634,17295,19375
07346050,3794,8295,11856,16813,20978,25434,30081,31643,36716
07346070,4230,8816,12879,19286,24965,31825,39695,42495,52123
07346072,143,297,414,550,670,798,936,982,1136
07346140,1498,3400,4878,6809,8454,10319,12203,12811,14765
07346450,3039,4959,5872,6823,7368,7819,8208,8322,8651
07346500,2503,3471,3861,4198,4371,4504,4609,4638,4719
07346800,16.69,35.21,53.73,85.98,121,167,224,246,326
07347000,1361,1970,2446,3146,3767,4422,5155,5415,6303
07351000,3608,6509,8414,10717,12391,13976,15524,16016,17527
07351500,5162,9863,13628,19117,23982,29202,34977,36971,43639
08016700,2481,5019,7264,10787,14109,18004,22592,24251,30118
08016800,3396,5961,8153,11656,15083,18960,23478,25106,30795
08017200,5557,8410,10223,12518,14157,15769,17388,17921,19579
08017300,10494,16363,19218,22000,23627,25006,26205,26561,27591
08017500,14394,34239,54717,85381,112582,150595,198065,215843,280591
08017700,184,300,354,414,452,483,508,516,537
08018500,24563,44554,56593,70119,79267,87632,95460,97889,105182
08018730,2752,3906,4542,5287,5879,6375,6852,7003,7464
08019000,13138,26540,38017,55547,71236,89409,110168,117511,142853
08019500,2803,6078,9284,14817,20430,27401,36336,39700,52009
08020000,19219,44024,65159,93322,117266,145540,177634,188915,227361
08020200,899,2205,3394,5094,6583,8507,10788,11617,14535
08020500,13563,19805,22436,25199,26830,28098,29097,29384,30185
08020700,2238,5279,8060,12490,16518,21827,28215,30416,38046
08020800,730,1179,1834,3253,4922,7333,10909,12555,19523
08021000,4355,8214,10578,13305,15447,17574,19711,20404,22579
08022010,97.76,195,331,619,954,1434,2175,2505,3876
08022040,20475,45091,66322,96296,121863,152944,188820,201584,245621
08022400,1541,3240,4778,7128,9302,11882,14826,15875,19491
08022500,18201,32961,44098,58403,70028,82719,96430,101094,115746
08022680,61.30,119,166,225,278,336,401,424,500
08023000,2024,3715,4947,6568,7903,9263,10656,11115,12576
08023200,2763,6311,9688,15278,20391,27194,35613,38572,49038
08023400,3718,7958,11502,16692,21146,26243,31733,33623,39911
08023424,189,343,425,514,568,616,659,672,710
08023500,2390,5262,7935,12318,16368,21438,27573,29829,37789
08024000,2226,5301,8236,12909,17145,22755,29728,32322,41680
08024030,2340,5475,8440,13319,17745,23609,30930,33529,42543
08024080,1074,1764,2426,3541,4589,6039,7936,8662,11243
08024200,2360,4937,7497,11331,14680,19217,24756,26807,34178
08024290,145,250,318,405,473,540,607,629,699
08024400,23684,42078,57617,78971,96961,118291,142560,151104,180270
08024500,2073,4856,7833,13112,18338,25364,35088,38878,53238
08025400,3068,8267,13605,21268,28214,37512,48892,53111,68299
08025500,3933,8785,13604,21561,28750,38339,50521,55089,71732
08026700,2205,4644,6573,8911,10954,13165,15578,16404,19146
08027200,2450,4963,6872,9280,11311,13548,15987,16821,19588
08027500,4957,13479,21680,33541,43942,57811,74533,80675,102570
08028500,32611,50824,64996,85070,101838,120638,141012,147973,171023
08028505,110,167,197,233,256,275,294,299,316
08028700,755,1287,1826,2801,3786,5111,6876,7544,10057
08029500,2920,6029,8799,12899,16393,20763,25883,27725,34147
08030000,2115,3499,4562,6087,7348,8725,10252,10774,12507
08030500,37766,57716,71942,90286,105033,120210,135778,140916,157296
08030700,94.41,186,376,997,1876,3320,5694,6745,11054
08031000,1366,2413,3251,4400,5353,6449,7674,8101,9465
08031100,173,328,462,669,855,1092,1379,1484,1858
08031200,3408,6932,9709,13589,16772,20161,23793,25021,29029
08032000,8084,16019,22432,31645,39831,48695,58540,61954,73410
08032100,38.41,55.86,73.61,104,134,175,229,250,330
08032300,196,264,291,314,326,334,341,343,348
08032500,8683,19266,28361,40616,51162,63818,78319,83449,101048
08033000,11491,22123,30111,40988,49619,58668,68201,71383,81650
08033250,179,416,585,787,966,1146,1308,1360,1524
08033300,1557,3543,5111,6927,8535,10267,12147,12789,14912
08033450,135,247,314,387,444,496,543,557,600
08033480,43.49,85.86,126,192,254,339,448,490,637
08033500,14491,25990,33837,43034,50506,57989,65222,67559,74784
08033700,4149,7831,10406,13247,15638,18080,20614,21454,24150
08033900,3766,8411,12226,17773,22537,27821,33455,35384,41761
08034500,4839,10861,16235,24563,31964,41457,52880,57052,71819
08037000,8151,16957,24032,33982,42361,52207,62715,66205,77695
08037050,2113,4445,6479,9635,12434,15754,19576,20936,25623
08037300,98.68,218,319,469,598,756,926,982,1172
08038000,7019,14393,19672,26535,31770,36983,42275,44007,49472
08038500,9470,20402,31162,46512,60694,79268,101819,110137,139924
08039100,3707,6834,9194,12541,15372,18349,21577,22679,26316
08039500,16237,27965,36972,48451,57973,68434,79817,83707,96584
08039900,22.85,40.65,55.96,77.39,95.80,118,144,154,186
08041000,32342,54538,70271,88996,104345,120216,136841,142386,160046
08041400,193,406,652,1107,1580,2209,3151,3524,4970
08041500,9792,20890,30735,45376,57989,73785,92349,99037,122389
08041700,4354,9025,14072,23660,33666,47060,66391,74078,103834
08042000,5751,7102,7824,8613,9127,9592,10019,10150,10540
08042500,5721,8189,9691,11491,12748,13977,15173,15550,16706
08042550,221,314,431,673,947,1329,1936,2201,3297
08042700,1713,3193,4342,5971,7313,8769,10357,10899,12689
08042800,2379,6766,11808,21593,31901,45306,65620,73689,104748
08043500,7378,11929,15054,18953,22083,25206,28336,29355,32546
08043950,3039,8257,14638,28114,44036,65829,100741,115249,171129
08044200,362,830,1400,2390,3616,5420,8083,9176,13309
08044800,4396,9510,14055,21009,27521,35102,43992,47193,58373
08045500,5469,7125,7816,8523,8940,9267,9543,9623,9850
08046000,2769,5971,9610,16246,23095,32229,45658,50951,71325
08047500,9046,18368,27591,45279,64380,87704,118084,129678,172900
08048900,824,1219,1346,1456,1507,1546,1577,1585,1609
08048970,7247,11282,13310,15338,16558,17591,18486,18749,19506
08049550,1362,2140,2515,2909,3138,3331,3498,3547,3688
08049580,2725,5175,7047,9627,11792,14036,16428,17233,19845
08049700,3526,6915,9598,13507,16950,20647,24737,26151,30883
08050000,4799,10517,18194,33941,51567,75776,113161,129567,195622
08050200,294,493,623,787,909,1028,1147,1186,1307
08050300,1962,3467,4402,5554,6356,7105,7822,8048,8736
08050400,9308,15736,20000,24948,28897,32771,36495,37690,41396
08050500,9370,18117,23512,29530,34059,37973,41659,42807,46281
08050800,1417,4402,7197,11379,15063,20047,26118,28362,35988
08050840,2475,4903,6530,8419,9981,11576,13197,13689,15222
08051000,6270,14869,22609,33804,43440,55661,70043,75234,93412
08051500,5306,11899,17867,28491,39689,52760,68873,74869,96550
08052630,1184,1992,2496,3159,3637,4107,4581,4735,5221
08052700,3415,5814,7131,8522,9399,10169,10862,11071,11687
08053100,205,472,724,1046,1366,1750,2204,2368,2944
08054000,9208,18634,27240,41015,53389,69588,89281,96285,120485
08054200,161,249,302,363,407,447,485,497,532
08055500,18801,40170,60420,90123,115523,148585,187952,202284,252910
08057000,19748,43682,66533,102261,133715,175000,225332,243878,310161
08057500,644,1415,1996,2779,3423,4047,4691,4906,5596
08058000,571,1009,1263,1541,1723,1887,2039,2085,2224
08059200,442,569,638,709,758,801,841,853,889
08061500,21365,38176,48749,60565,69831,78348,86277,88717,96113
08061540,10526,19065,24923,31869,37516,43159,48667,50413,55846
08062850,735,1553,2378,3791,5262,7235,9821,10796,14426
08063000,19791,29057,33844,38949,42151,45045,47707,48523,50947
08063005,204,657,1129,1675,2241,2939,3772,4075,5150
08063180,414,546,632,730,807,883,960,985,1064
08063500,23756,41556,51177,61596,68057,73745,78876,80434,85037
08063550,644,881,971,1048,1087,1117,1141,1147,1166
08063620,322,520,604,683,726,760,788,796,819
08064500,15007,26957,34444,43261,49467,55273,60817,62555,67835
08064630,67.39,101,119,138,151,164,176,179,191
08064700,6955,15606,25536,45316,65816,93283,134562,151043,215831
08065200,3749,8848,13150,19295,24703,30624,37086,39311,46722
08065320,231,303,330,353,365,374,380,382,388
08065500,38309,78113,114337,166575,211389,268397,335496,359721,444567
08065700,4505,9254,12848,17317,21237,25479,30111,31697,36513
08065800,9831,20006,27679,37185,45245,53974,63427,66647,76700
08066000,37687,61878,78669,100318,116995,133716,150720,156268,173746
08066100,5757,11678,15537,20059,23768,27336,30565,31572,34660
08066170,5009,10992,17449,29608,43942,63278,89670,99866,139007
08066200,6569,13966,20755,31488,40949,53211,68071,73523,92653
08066280,62.45,132,171,218,254,290,325,335,365
08066300,2523,5559,8212,12267,15796,20138,24888,26552,32198
08066400,646,1825,3534,7532,12738,21044,32854,38606,63562
08066500,40837,62898,78090,97666,112883,128206,143891,149028,165287
08067000,39425,67712,89477,118678,142944,170193,200228,210568,244007
08067500,2477,3620,4373,5330,6038,6755,7471,7703,8430
08067550,183,459,734,1185,1645,2234,2961,3234,4226
08067750,90.12,121,130,137,140,142,144,145,146
08068000,10732,25788,40064,63916,86010,114502,148510,161002,205454
08068300,347,1140,1866,2956,3922,5229,6706,7164,8730
08068325,1304,2034,2692,3760,4728,5999,7494,8042,9992
08068450,1816,3584,5538,9174,13283,18857,27204,30592,43024
08068500,5975,13345,20190,31453,42748,56385,72787,78777,100114
08068720,1245,1804,2096,2397,2582,2741,2879,2920,3037
08068740,1449,2505,3485,5132,6826,8806,11283,12211,15555
08068780,1506,2637,3392,4253,4943,5636,6315,6528,7188
08068800,2912,4854,6359,8576,10548,12633,14957,15763,18477
08069500,16226,39781,67793,125324,187007,269408,397818,449623,656890
08069850,108,346,726,1588,2650,4264,6623,7713,12649
08070000,5723,14320,22812,37219,50580,68415,91400,100078,131907
08070200,5530,13769,23394,42833,63416,91449,134533,152073,221849
08070500,2761,6246,10146,17852,26465,37901,54938,61850,88343
08071000,1785,4954,8371,14747,21339,30074,42005,46504,63310
08071280,4456,10218,15455,23498,30606,39797,50860,54906,69254
08071500,23639,58602,98162,174128,252295,357469,512710,574455,815423
08072300,1911,2665,3072,3506,3781,4022,4236,4300,4485
08072700,872,1632,2401,3769,5109,6968,9559,10521,14134
08072730,851,1810,2769,4379,5861,7837,10377,11334,14839
08072760,1161,2209,3113,4534,5831,7341,9131,9775,11991
08072800,1127,1976,2683,3643,4457,5417,6506,6889,8192
08073800,970,1502,1769,2071,2255,2419,2566,2611,2742
08074020,5006,8260,10541,13391,15689,18077,20451,21229,23692
08074100,520,767,868,959,1007,1045,1075,1084,1108
08074900,933,1372,1612,1870,2035,2179,2308,2347,2459
08075300,343,431,464,494,510,522,532,535,542
08075600,185,256,293,333,358,380,401,407,424
08075700,448,634,755,890,995,1099,1204,1238,1343
08075750,139,195,247,327,396,487,597,638,782
08077550,965,1347,1498,1646,1722,1780,1827,1840,1876
08078000,2401,3997,5232,7202,8993,10867,12979,13718,16224
08079500,91.27,498,1074,2271,3623,5488,8187,9348,13938
08079570,105,210,302,445,577,736,920,986,1217
08079575,3265,4189,4460,4659,4739,4793,4830,4840,4865
08079580,96.45,256,538,1221,2093,3455,5511,6382,10691
08079600,8387,18758,27588,39856,50272,62816,77208,82305,99808
08080500,19691,34670,47248,66286,82778,102908,125594,133560,160797
08080510,101,214,300,421,519,623,736,774,898
08080540,803,2081,3932,8280,13667,21585,33376,39043,63413
08080700,253,1014,2046,4380,7214,11211,17273,20030,31584
08080750,114,256,371,533,678,835,1010,1071,1278
08080918,1449,3183,6057,12775,21180,34140,53334,62007,102885
08080950,987,2114,3146,4706,6061,7812,9902,10664,13355
08081200,3204,5907,7548,9451,10756,11937,13045,13391,14438
08081500,2650,7334,12445,21506,30474,42434,59307,65845,90631
08082000,18750,28292,34064,40780,45408,49731,53803,55067,58859
08082100,578,1326,2002,2986,3838,4924,6208,6672,8304
08082180,1209,3786,7213,15037,24321,37535,58064,67287,105901
08082500,29424,51774,67152,85666,100608,115496,130148,134821,149409
08082700,448,1732,3691,8345,14413,24013,37990,43779,72454
08082900,357,792,1112,1515,1860,2236,2645,2785,3247
08083100,905,2700,4486,7207,9588,12867,16917,18425,23886
08083240,1847,3881,5879,8924,11529,15041,19306,20879,26514
08083245,997,1737,2253,2861,3360,3874,4410,4584,5113
08083400,619,1245,1634,2079,2390,2677,2951,3038,3302
08083420,776,1195,1435,1761,1980,2192,2401,2469,2677
08084000,6390,13090,20309,34066,48789,68750,96919,107787,149495
08084800,1801,4336,7047,12196,18309,26625,38064,42456,59337
08085300,1123,1569,1799,2029,2182,2312,2427,2461,2559
08085500,8077,16168,23410,33912,42966,54403,67842,72688,89641
08086050,4744,7874,9420,11170,12208,13109,13907,14145,14836
08086100,7913,13108,15627,18241,19750,21017,22114,22439,23378
08086150,1097,3880,8307,19248,34336,57661,91868,106344,178276
08086212,6228,18521,34003,66992,110334,177080,276252,319363,494878
08086260,357,464,567,728,868,1061,1297,1386,1704
08086290,3384,6969,10897,18968,28817,42637,63227,71147,101694
08086300,4885,6882,8003,9164,9987,10729,11403,11610,12229
08087300,11255,17906,22315,27782,31875,35865,39819,41087,45017
08088000,26189,44211,56853,73355,86157,99180,112581,116986,130985
08088100,397,1031,1860,3581,5397,7796,11584,13188,19489
08088300,722,1689,2551,3755,4787,6066,7554,8086,9931
08088450,2010,5960,10067,17231,24408,34184,46559,51213,68419
08089000,37812,56206,68036,83117,94105,104901,115985,119610,131048
08089100,26.46,35.89,39.85,43.65,45.73,47.42,48.84,49.24,50.39
08090500,10100,21239,30622,44357,56201,70639,87402,93382,113940
08090850,160,335,452,593,709,828,940,975,1079
08091000,38397,57070,68824,84271,96145,107512,119035,122798,134710
08091500,10907,23695,34983,50316,63462,79327,97572,104045,126315
08091700,1192,2562,3449,4727,5651,6542,7439,7731,8650
08092000,10856,16419,20070,24949,28622,32295,36070,37313,41281
08093200,223,365,437,510,553,589,621,630,657
08093250,3949,7826,10687,13905,16660,19535,22572,23590,26896
08093500,9631,18099,25290,36260,45798,57391,70358,74934,90560
08093700,2431,4649,6522,9319,11857,14728,17995,19141,23053
08094000,696,1874,3288,6181,9261,13414,19915,22544,33091
08094800,5594,10328,13838,18600,22422,26347,30495,31881,36347
08095000,18472,36774,51177,74518,95193,117882,143762,152890,184105
08095200,18736,42720,64851,100630,135223,177630,227592,245853,310578
08095220,2335,3921,4602,5246,5611,5918,6184,6263,6492
08095250,305,469,621,831,1037,1288,1587,1697,2082
08095300,11595,20128,25572,32157,36862,41312,45614,46974,51135
08095400,7969,11433,13343,15413,16752,17942,19012,19335,20278
08096500,53296,98105,133211,179388,217315,259827,306570,322648,376246
08096550,111,249,349,484,595,717,837,874,992
08096800,965,1665,1995,2315,2503,2662,2803,2845,2968
08098203,262,487,646,843,1002,1154,1306,1355,1509
08098206,469,890,1206,1637,1993,2360,2747,2877,3297
08098227,97.47,221,317,440,544,660,787,831,968
08098239,190,431,608,822,1009,1200,1379,1437,1617
08098242,954,1902,2555,3368,4007,4610,5210,5403,6001
08098263,197,385,506,643,752,857,954,983,1072
08098281,107,245,347,479,590,695,801,835,946
08098300,3015,5462,6945,8628,9911,11025,12059,12380,13346
08099350,47.81,70.30,94.64,140,187,252,347,386,535
08099500,9438,20249,28434,38034,46279,55047,64443,67622,78047
08100000,3963,6596,9793,16223,23588,33578,47870,53421,76854
08100100,265,529,770,1080,1379,1733,2144,2291,2804
08100400,56.51,119,175,260,340,434,541,580,714
08100500,9352,23465,36488,54959,71121,92023,116833,125844,157600
08100800,420,1201,1787,2650,3455,4463,5699,6155,7798
08101000,12360,28098,42023,63184,83339,106488,132788,142126,174214
08102500,17018,28348,36831,47947,57014,66963,77429,80883,92076
08102900,50.29,66.89,73.48,79.43,85.02,88.04,90.60,91.34,93.44
08103900,2872,6921,10439,15595,20405,25774,31765,33863,40965
08104000,16238,32258,45748,66165,85224,106591,130934,139550,169092
08104700,6397,15780,24448,37758,50852,66364,84211,90631,112991
08104850,614,1744,3007,5031,6829,9437,12848,14151,19016
08104900,6816,15136,22373,33448,43590,55338,68676,73402,89607
08105000,12824,28133,41993,65562,89557,118464,153259,166130,212361
08105100,4061,7663,9976,13102,15355,17535,19694,20386,22537
08105400,18159,34640,46097,59071,69841,80855,92289,96079,108259
08105700,14608,23566,28298,33191,36214,38829,41147,41842,43869
08105900,548,898,1375,2430,3688,5487,8149,9292,14535
08106500,27258,67916,114823,209431,317142,463149,686223,773565,1116212
08108200,3475,5358,6209,7069,7554,7955,8294,8393,8671
08108800,60.86,85.96,96.86,107,113,117,121,122,125
08109000,67458,104305,132100,167541,196601,228033,261928,273443,311349
08109700,1907,5028,7516,10880,13775,17183,20754,21851,25357
08109800,2120,4967,7206,10344,12979,15617,18464,19436,22602
08110000,7315,17021,25306,37286,48240,60348,73805,78490,94262
08110100,3992,9044,13131,19020,24052,29626,35491,37494,44084
08110350,1252,1731,1967,2198,2344,2466,2569,2600,2687
08110430,2331,4844,6996,10289,13431,17018,21150,22627,27750
08110500,16119,31623,43752,60745,75161,90186,106353,111821,129684
08111100,314,552,693,876,1004,1127,1248,1288,1409
08111700,13572,24795,32378,41775,48779,55547,62237,64380,71028
08114000,62828,83492,94624,106470,113981,120567,126410,128155,133209
08114900,296,388,431,473,499,521,540,545,561
08115000,2508,4021,5144,6707,7979,9335,10799,11297,12933
08115500,951,1599,2121,2876,3524,4242,5051,5333,6287
08116400,688,1046,1339,1782,2183,2622,3136,3320,3949
08117500,7918,13870,18140,23395,27638,32115,36772,38258,42989
08117995,1366,2262,2728,3220,3518,3776,4003,4071,4270
08119000,918,1689,2297,3265,4193,5233,6396,6809,8230
08120500,2044,4566,7031,11340,16029,21998,29400,32203,42570
08121500,1589,4652,8707,16931,26171,38858,58661,67222,101568
08123500,4067,7575,9599,11830,13456,15013,16531,17014,18506
08123620,44.54,118,175,254,321,400,488,519,623
08123650,58.65,139,199,277,341,405,470,492,561
08123750,404,769,1010,1283,1508,1736,1956,2024,2237
08123760,66.58,173,253,343,424,509,601,632,734
08123800,2271,4748,6536,8753,10639,12498,14302,14887,16727
08123920,52.94,239,470,910,1375,1975,2936,3329,4874
08124000,21482,28185,31037,33578,34920,35953,36770,36998,37620
08126380,19139,29466,36213,45252,51787,58315,64961,67138,74047
08127000,6073,14169,22137,35292,47207,63069,83132,90647,117972
08127100,145,450,721,1116,1463,1916,2457,2655,3353
08128000,2574,10656,20775,41442,63874,94012,140045,158817,227586
08128400,2525,6616,9555,13278,16201,19086,22066,23052,26213
08128500,9771,18293,23348,29076,32914,36426,39749,40789,43953
08129300,563,3144,6951,14186,21688,31290,46793,53443,79891
08130500,1549,5316,9224,14849,19866,26825,35456,38677,50362
08131000,8528,19376,28766,43343,57143,73011,91387,97928,120573
08131400,362,1885,4284,9674,16348,26341,39416,45457,72463
08133300,231,486,818,1554,2393,3589,5469,6309,9812
08133500,1334,4433,7619,12790,17579,24011,32486,35707,46244
08133800,50.75,142,222,312,397,491,597,634,758
08134000,4191,14946,26942,48638,70470,99665,138968,153423,206835
08134300,38.38,132,236,365,492,663,874,952,1236
08134400,16.56,30.28,43.44,64.72,84.32,110,143,155,199
08135000,8376,22504,35157,51853,67069,85645,107281,115031,141961
08136000,18160,39393,56406,80518,100886,124851,152064,161063,190646
08136200,64.01,98.54,120,146,165,183,201,206,223
08136500,15482,33060,47566,68084,85479,106237,129977,138365,167098
08136900,773,1176,1460,1797,2074,2361,2661,2761,3084
08137000,346,707,1023,1499,1913,2436,3055,3270,3991
08137500,2591,6505,10106,15392,19990,25986,33143,35752,44987
08138000,28170,40253,47813,57481,64267,70886,77584,79773,86626
08139000,329,711,1136,1945,2765,3870,5470,6107,8564
08140000,433,1241,2179,4004,5908,8456,12323,13868,19904
08141100,481,612,657,698,716,730,740,743,750
08143500,13620,21889,27873,35136,41129,47473,54200,56461,63826
08143700,98.56,240,376,603,813,1086,1416,1539,1981
08144500,5997,21990,39390,68402,96000,132805,184044,203690,266123
08144600,5431,19315,34247,57725,78697,108903,148233,163222,219015
08145000,4924,10307,16037,26840,38314,53704,75065,83320,114738
08145100,70.11,198,455,1522,3183,5979,10619,12695,21552
08146000,11114,30004,50356,86912,122198,169266,234713,259974,355232
08147000,26605,47873,70064,109506,147759,199205,269017,296022,397801
08148500,11730,34558,54891,82476,107065,137941,174146,187183,227998
08150000,15969,53335,91268,149986,202374,275162,367212,401830,526118
08150200,16.09,36.32,57.51,94.41,131,179,245,271,367
08150700,24845,71699,113396,177482,233087,297966,371470,397383,485859
08150800,5868,15170,23496,36305,48005,62002,77987,83681,103326
08150900,134,208,235,258,269,278,285,287,292
08151000,42977,105140,168671,281881,393362,544185,734429,806373,1071315
08151300,390,591,681,778,834,881,923,936,972
08151500,31202,80838,123285,184595,237330,303143,373686,397059,474450
08152000,8300,18715,28547,45334,62976,84784,111495,121492,157872
08152700,232,724,1194,1942,2607,3516,4653,5078,6624
08152800,503,1359,2739,5902,9813,15792,24523,28617,47238
08152900,6957,22103,37152,60747,81557,110809,147581,161398,206666
08153000,9786,18186,24307,31900,38251,45071,52386,54863,62986
08153100,49.72,140,230,343,460,604,778,842,1069
08153500,22721,57470,91460,148487,208063,282758,372969,406395,527123
08154000,15247,47152,81648,141733,200613,278505,388681,431260,592451
08154700,3112,6369,8941,12493,15588,18842,22386,23596,27592
08155200,3032,8465,13265,20597,26862,34279,42564,45475,55372
08155240,2866,8956,14785,24045,32291,43600,57784,62489,78405
08155300,3781,9625,14158,19583,24531,29942,35910,37731,43415
08155400,3286,9094,15079,22303,29387,38280,48872,52729,66358
08158000,49667,99542,151344,246010,338406,462689,632783,698840,948852
08158700,3940,8717,11764,15351,17907,20304,22642,23387,25694
08158810,1200,3844,6239,9888,13095,16936,21121,22604,27698
08158840,1061,2647,3823,5291,6585,7948,9175,9573,10835
08158900,42.24,82.84,128,215,307,428,614,689,963
08158922,564,1238,1844,2778,3602,4666,5944,6411,8066
08159150,571,910,1149,1480,1751,2027,2320,2418,2739
08159450,179,665,1390,2969,4847,7589,11689,13585,21606
08159500,85163,178284,257518,368111,463552,580232,715027,763017,928699
08160000,314,815,1222,1725,2177,2687,3258,3457,4127
08160800,1883,3044,3764,4572,5186,5744,6278,6446,6944
08161000,53039,96690,130815,178227,217085,258160,302175,317064,365625
08161580,131,291,410,567,696,825,958,1003,1144
08162600,5394,8063,9875,12277,14068,15935,17870,18508,20518
08163500,7809,17329,25760,38961,50805,64830,80973,86709,106428
08164000,11704,25108,37814,59644,82253,110088,144198,156945,203261
08164300,10318,20291,27338,36401,43309,50214,57205,59480,66639
08164350,7734,14247,19030,25462,30925,36755,42707,44706,51211
08164390,8373,15458,20324,26488,31523,36737,41807,43443,48490
08164450,5538,11685,18058,29716,41918,58589,80483,88927,120700
08164500,13078,26174,38058,57100,75382,97413,123170,132526,165961
08164503,4642,8646,11883,16525,20495,25107,30073,31784,37481
08164504,2491,4004,4989,6284,7362,8378,9424,9769,10871
08164600,4896,9701,13296,18077,21986,25957,30108,31486,35912
08164800,5729,10042,12884,16376,18932,21373,23759,24519,26861
08165300,7087,21221,32865,48436,62390,79221,98630,105531,124543
08165500,9503,28826,45590,70065,91410,118916,148583,157930,188924
08166000,2005,9577,20375,41953,65153,95954,143510,164390,247903
08166200,10151,37109,65812,108366,146391,200414,268800,294587,389359
08166300,78.26,125,157,201,237,273,312,325,366
08166500,11691,47454,96093,190782,291612,422889,629206,718346,1072124
08167000,12871,39144,66148,111027,153050,209283,283485,311680,410850
08167500,13246,35132,57233,93214,125846,169470,225235,246196,322795
08167600,1980,5218,7436,10185,12470,14490,16553,17228,19370
08168500,9415,26498,44662,75832,105468,144967,198730,219339,296448
08168720,88.16,297,666,1554,2685,4450,7111,8235,13735
08168750,68.02,214,418,853,1365,2106,3266,3787,5959
08169500,15298,35733,51004,68522,84102,100721,118617,124691,144666
08169750,662,1503,2290,3562,4729,6276,8209,8930,11538
08169850,88.38,146,183,226,259,292,326,337,372
08170500,620,1846,4216,11283,20956,36633,62087,72698,118001
08171000,9099,25822,42174,69638,95946,129973,170514,185432,238695
08171300,11668,31850,49606,76825,100672,128547,159228,169986,206975
08172000,10455,26930,43324,71790,98925,134924,178872,194998,253317
08172100,186,403,575,813,1014,1247,1511,1603,1897
08173000,6911,18340,29900,47931,63994,85574,112647,122770,159546
08173500,12980,38021,68784,132238,199207,288298,429322,487014,714982
08174600,7457,17413,27354,44803,61801,84489,112650,123250,161951
08175000,4223,13731,24657,44901,65190,91816,131509,147081,206920
08176000,16018,39317,62113,95533,124517,162950,209231,226215,286709
08176200,2944,5193,6257,7408,8200,8919,9581,9784,10390
08176500,18394,42348,64451,100310,132284,174143,221550,238616,297999
08176550,4084,7986,10588,13732,16041,18240,20386,21069,23174
08176600,61.55,210,425,892,1446,2254,3493,4057,6432
08176900,10547,22043,29457,38108,44325,50132,55738,57513,62966
08177000,11174,28490,44276,69274,91806,119679,151517,162919,202368
08177300,3275,7587,11313,17132,22650,28991,36372,38999,48105
08177500,9638,26690,43710,72150,98942,134782,181578,199316,264777
08178500,648,1104,1399,1780,2061,2341,2625,2718,3012
08178600,559,2249,4654,9057,13551,19262,28820,32801,48469
08178640,362,585,707,859,958,1049,1136,1164,1246
08178736,277,388,469,577,668,770,878,914,1032
08178880,5268,22558,44283,85739,130024,187701,279561,317231,465374
08179000,10210,27141,46780,85701,129298,191287,282054,317822,457630
08179100,2500,7476,12826,22016,32615,46509,64844,71769,97782
08179200,145,269,357,469,558,648,743,774,876
08181000,224,775,1294,1953,2612,3445,4445,4810,6109
08181200,193,427,662,1062,1454,1991,2712,2990,4037
08181400,690,2636,4865,8572,12157,16888,23618,26220,36087
08182400,1282,2843,3972,5377,6535,7627,8740,9103,10248
08183900,4772,12588,19649,30714,40578,53426,69014,74260,91609
08184000,3117,9875,15362,22181,28906,36690,45653,48528,56591
08185000,3769,15948,29297,51341,71956,100522,140433,155843,214236
08186000,8073,15738,21810,30368,37351,44836,52880,55599,64482
08186500,1894,5327,10401,22314,38221,64381,105708,123222,202547
08187000,919,1929,2785,4062,5182,6549,8030,8546,10287
08187900,439,1609,3330,7446,12377,19789,30746,35990,58438
08188400,435,1114,1884,3316,4824,6872,9902,11121,15874
08189200,1095,2241,3108,4280,5232,6218,7257,7603,8723
08189300,1206,3574,8106,18834,33932,61938,112990,135348,231314
08189500,5692,14291,22906,37926,54357,75541,102200,112250,149414
08189600,292,495,622,775,885,991,1094,1127,1227
08189700,3687,10575,18723,34835,54361,82575,123783,140724,204765
08189800,2781,7027,11211,18136,25440,34611,45979,50229,65635
08190000,12379,45896,83377,149742,215875,302345,425708,468423,624084
08190500,7144,31207,58416,108042,158660,224364,324688,364166,495920
08191500,18531,87858,195137,433369,718068,1137139,1682250,1944888,3056308
08192000,12198,49567,94165,179463,270276,382403,555662,620682,866074
08192500,1743,3308,4132,4967,5488,5948,6365,6493,6871
08193000,5001,9513,14501,23526,32793,45339,63350,70481,97952
08194000,7656,19108,31590,54192,76365,105942,147689,163870,225227
08194200,2342,7466,14571,30242,47359,71003,107115,123135,188423
08194550,44.70,102,156,240,321,422,540,583,735
08194600,7248,21248,37214,64739,91737,127115,178577,198574,274847
08195000,9765,30918,51094,83282,112288,151169,197261,212604,265678
08196000,4371,15612,28232,51853,76530,107780,152898,169793,233113
08197500,11627,38261,64092,102905,142625,189953,244610,264377,333858
08198000,5684,15704,25452,41355,58052,78970,104169,113510,147198
08198500,5872,20224,35125,60620,85070,118052,159057,174155,229011
08198900,227,683,1544,3602,6263,10487,16740,19359,31936
08200000,6337,19096,31994,52388,73951,100631,132504,144195,185961
08200500,5062,16022,28701,52027,76541,112362,161674,180738,254134
08200700,7008,21165,33665,51477,68411,87306,108173,115486,140327
08200900,71.92,203,323,482,633,821,1044,1124,1408
08201500,3031,11097,19711,34679,49349,68749,96219,106836,143992
08202000,1640,7209,16989,39712,67575,109237,168631,193987,315503
08202500,1839,6868,15687,37146,64431,106989,171128,198200,331667
08202700,4808,16507,27310,43681,58171,75705,95261,102216,126241
08203500,13.91,38.77,75.50,163,267,425,656,763,1247
08205500,5130,14983,26320,48108,74325,110817,163857,184266,263582
08206600,4223,10975,16609,24824,31867,40564,49286,52236,61986
08206700,3862,9023,13350,19664,25082,31710,38849,41248,49241
08207000,6810,14970,23056,37130,50924,69190,92007,100567,131802
08207200,898,2423,3627,5300,6715,8377,10105,10623,12266
08208000,4399,11335,18889,33041,48057,68124,96167,106812,146937
08210000,13265,28536,43075,67288,89153,118171,154500,168082,215623
08210400,69.75,406,1035,2579,4549,7567,12058,13897,22718
08211000,15175,28945,37839,47991,56150,64319,71784,74157,81340
08211520,2891,5083,6548,8489,9958,11420,12911,13400,14946
08211550,251,641,951,1372,1736,2109,2507,2641,3077
08212400,409,1510,2702,4561,6600,9091,12217,13351,17492
08365800,280,413,477,540,576,606,631,638,659
08370200,45.66,112,154,203,243,284,327,341,385
08370800,44.81,142,232,334,433,547,678,724,882
08374000,7464,12743,17199,24247,30564,37654,45887,48829,58943
08374500,13357,20906,25305,30203,33450,36388,39084,39908,42349
08376300,4727,13882,22220,34550,45763,58836,73348,78462,95930
08377500,25999,49476,70694,105079,135872,175654,222010,238769,297554
08377600,77.40,120,137,152,160,167,172,173,178
08383200,89.67,169,228,302,363,430,502,527,603
08383300,1902,3034,3588,4155,4487,4761,4998,5068,5268
08383370,97.13,256,453,875,1386,2085,3180,3646,5559
08385530,35.09,125,260,560,946,1615,2642,3079,5034
08385600,1273,3404,5783,10370,15290,21766,31333,34944,48601
08393200,678,2303,4102,7460,10909,15537,22287,24949,35081
08393600,14.48,81.68,193,465,795,1291,2004,2312,3776
08393900,198,1132,2549,5266,8209,12113,18079,20736,31456
08394500,4964,13319,20601,31185,41134,52269,64689,69040,83789
08396500,9887,20832,30476,43889,55316,69282,85418,91163,110997
08400000,402,2357,5244,11296,18181,27511,39981,45683,68953
08401200,1325,5787,11216,19870,27486,39104,54985,61136,84541
08401800,5014,15589,27239,48468,70304,99647,142035,158718,223274
08401900,2365,8846,15202,25029,33811,45624,58281,62879,79133
08405050,107,263,396,578,733,919,1132,1207,1466
08405100,1668,3321,4629,6792,8802,11009,13556,14463,17592
08405500,2215,7557,13780,25790,38130,54488,79366,89263,127810
08407800,8.39,37.26,83.15,376,1086,2287,4027,4726,7487
08408500,2709,8927,16452,31069,46049,65751,96176,108294,155724
08411500,1873,5193,9587,18546,29898,47560,72867,83743,128063
08424500,1217,2610,3632,4994,6053,7131,8251,8620,9797
08431700,579,1774,2984,5002,7006,9641,12853,14045,18374
08431800,1841,3126,3973,5049,5852,6654,7456,7716,8535
08433000,792,3093,5812,10730,15737,22885,32752,36424,50232
08435700,98.95,307,489,773,1028,1358,1687,1807,2225
08435800,669,1982,3855,8073,13414,21232,32771,38157,60970
08436800,30.65,59.04,80.46,111,139,168,200,211,248
08444400,72.87,123,180,293,415,578,836,945,1377
08447020,1767,10260,25160,59991,98571,152708,224250,258931,413873
08447200,217,855,1581,2504,3541,4928,6739,7430,10009
08447400,19344,55803,97128,177552,271765,401191,586158,656760,930058
08449000,15026,58523,108335,200411,295683,420611,611041,686386,953904
08449400,33134,105262,170131,248633,325762,417212,523493,561505,693353
08449470,620,2552,5023,9345,13629,19232,28092,31587,45286
08449500,17925,77677,161732,331777,513171,753636,1127637,1290221,1936873
08449600,103,200,271,366,440,514,590,615,694
08450500,35946,75420,100001,127713,147104,165047,182263,187699,204367
08450900,41941,102962,202282,434066,743231,1249606,2019010,2341670,3819547
08452500,38126,98449,178173,359080,576061,874347,1335783,1539893,2385878
08453000,6019,12952,19154,29175,39051,50706,64621,69688,87453
08453100,168,520,963,1827,2763,4004,5971,6783,9984
08454900,53.36,180,331,615,914,1313,1922,2165,3116
08455000,3721,12187,23333,46374,76037,122204,190039,219368,340418
08458000,54062,137093,231091,408213,583619,816895,1156407,1289238,1798071
08458700,38958,107499,211151,465287,772009,1238660,1919566,2250841,3680718
08459000,55636,119592,183649,296312,404564,549242,740438,813548,1075285
08459600,442,586,626,652,663,671,676,678,682
08460500,68557,126746,177232,254962,324831,413903,521224,558354,686783
08464700,81799,126876,155219,188727,213116,235821,257628,264480,285274
08466100,87.73,117,127,135,139,142,144,144,146
08466200,69.45,131,173,221,260,301,343,356,398
