# This data file contains the watershed characteristics derived
# from Asquith and Slade (1997) and a digital processing and 
# verification step conducted by colleagues at Texas Tech University
# in 2007.
#
# These watershed characteristics were used in multi-linear regression
# analysis described in Asquith and Roussel (2009).
#
# STATION = U.S. Geological Survey station identification number
# CDA = contributing drainage area in square miles
# MCS = dimensionless main-channel slope
# MAP = mean annual precipitation in inches
# YRS = years of record used
STATION,CDA,MCS,MAP,YRS
07153500,545,0.00947,16,33
07154400,111,0.0072,15.4,51
07154500,1038,0.00496,14,36
07154650,25.4,0.00691,15.5,22
07155000,1879,0.00398,16.5,12
07155100,11,0.00551,15.8,18
07157960,408,0.00242,23,28
07225000,55,0.00777,14.1,46
07225500,256,0.00833,15.6,12
07226300,68,0.00644,14.5,46
07226500,2060,0.00487,15,21
07227050,0.36,0.06818,16,46
07227100,786,0.0025,15,46
07227200,556,0.00473,16,36
07227295,1.25,0.01004,16,43
07227460,1.6,0.025,17,10
07227480,1.27,0.0134,18.5,8
07227920,134,0.00446,19,15
07232500,1175,0.0028,17,42
07232650,31,0.00436,15.6,12
07233000,767,0.00216,20,26
07233500,440,0.00193,17.5,35
07234150,4.03,0.00144,21,9
07234290,8.57,0.00657,21,20
07235700,17.8,0.00436,21.6,11
07237750,11.8,0.00725,24.6,21
07237800,139,0.00313,24.5,20
07295500,538,0.00184,15,14
07297910,930,0.00213,17,38
07298000,65,0.00202,17.5,31
07298150,2.2,0.00304,20,9
07298200,190,0.00259,18.6,9
07298500,1581,0.00208,18.5,11
07299200,2023,0.00206,18.5,17
07299300,139,0.00651,20,14
07299500,2524,0.00202,19.5,12
07299512,65.5,0.00321,21.2,8
07299540,2956,0.00197,19.5,41
07299570,3552,0.00187,20,23
07299575,0.16,0.01496,21,9
07299670,303,0.00194,22,44
07299890,74,0.00387,21,8
07299940,1.15,0.00927,21,8
07300000,1013,0.00317,21,15
07300150,7.24,0.00794,23,22
07300500,1357,0.00261,22.5,49
07301300,703,0.00182,20,41
07301410,267,0.00301,21.5,44
07301455,19.8,0.00335,23.8,18
07301480,9.12,0.00589,23.8,20
07301500,1938,0.00237,23,76
07303400,416,0.00367,23.2,31
07303450,27.8,0.00644,23,12
07303500,838,0.00267,23.2,28
07307500,35,0.00475,19.5,14
07307720,1.09,0.01243,21,8
07307800,2195,0.00307,20,41
07308000,2478,0.00259,20,23
07308200,2929,0.0022,20,44
07308220,4.99,0.00267,25,8
07309480,3.35,0.01119,31,11
07311200,24.6,0.00689,29.6,39
07311500,617,0.00161,28.1,56
07311600,540,0.00274,21.5,32
07311630,50.3,0.0025,22.5,8
07311700,937,0.00211,22,45
07311783,223,0.00306,21.8,20
07311790,499,0.00223,21.5,9
07311800,584,0.00182,22,45
07311900,1874,0.00143,22.5,19
07312140,3.43,0.00345,24,9
07312850,6.29,0.00799,29.9,22
07312950,35.4,0.00451,32.7,12
07313000,158,0.00229,32.5,15
07314200,0.1,0.00444,27,9
07314500,481,0.00103,27.5,14
07314900,1037,0.00106,27.1,13
07315200,178,0.00169,28,42
07315680,1.74,0.00958,33.4,21
07315700,572,0.00123,33,45
07315880,5.74,0.00822,34.8,10
07316140,12,0.00258,35.5,21
07316200,26,0.00314,36,8
07317500,5.16,0.01091,24,21
07318500,1.02,0.02784,24,11
07320000,2.87,0.01098,24,19
07321500,0.62,0.01782,24,14
07324000,5.33,0.0115,24,18
07332070,0.72,0.00674,40,10
07332400,203,0.00242,39.5,22
07332500,476,0.00113,39.5,69
07332600,72,0.00197,39,23
07332602,6.21,0.00405,39,9
07333500,32.7,0.00458,44.5,20
07335310,0.94,0.00428,44.8,21
07335320,16.6,0.00087,45.4,11
07336500,1423,0.00058,49,47
07336520,19.4,0.01091,49,22
07336710,3.39,0.00652,46.5,11
07336750,75.4,0.00124,45.5,12
07336780,7.53,0.00598,50,10
07336800,100,0.00104,46,16
07336940,3.33,0.00038,47,8
07339800,6.41,0.00903,51,26
07340200,10.6,0.00227,49,21
07340530,0.64,0.01146,50,24
07341100,9.48,0.00947,52,23
07341700,12.9,0.00331,51,20
07342350,169,0.00034,47,41
07342450,0.22,0.00279,40,9
07342465,150,0.00119,40.5,15
07342470,189,0.00124,41,12
07342480,44.1,0.00163,40.9,15
07342500,527,9e-04,41,49
07343000,276,0.00129,42,57
07343200,1365,0.00067,42,35
07343300,69,0.00149,44,11
07343350,1,0.00724,45,9
07343500,494,0.00075,43,23
07343800,579,0.00071,43,13
07343900,0.78,0.01657,45,9
07344000,2774,5e-04,43,47
07344320,1.43,0.00688,46,23
07344450,78,0.00178,45,31
07344486,23.4,0.00464,43,26
07344490,4.27,0.00416,44,8
07344500,366,0.0013,44,28
07344600,7.11,0.00367,44.5,8
07345000,72,0.00131,45,34
07346000,850,0.00081,45,47
07346010,0.21,0.01087,45.5,9
07346045,365,0.00071,45.5,38
07346050,383,0.00085,44,43
07346070,675,0.00059,44.5,61
07346072,0.73,0.01491,46,9
07346140,48,0.00199,46,27
07346450,177,7e-04,49,12
07346500,231,0.00055,47,12
07346800,0.13,0.02064,46,20
07347000,116,8e-04,47,25
07351000,79,0.00163,48,43
07351500,66,0.00227,47,64
08016700,45.6,0.00108,57,15
08016800,177,0.00072,56,31
08017200,77.7,0.0017,40.5,48
08017300,78.7,0.00168,38,48
08017500,888,8e-04,39.3,8
08017700,0.33,0.0162,41,9
08018500,1357,0.00066,40,22
08018730,33.1,0.00197,42,11
08019000,585,0.00093,41.5,24
08019500,231,0.0011,43,23
08020000,2791,0.00049,41,29
08020200,48.9,0.00282,44.5,9
08020500,2947,0.00043,42,11
08020700,75.8,0.00263,45,13
08020800,5.05,0.00515,46,8
08021000,120,0.00254,45,9
08022010,0.46,0.01834,46,9
08022040,3589,0.00039,41.4,22
08022400,82.6,0.0013,47,12
08022500,4842,0.00031,43,57
08022680,1.27,0.00396,46,14
08023000,96.5,0.00136,48,28
08023200,97.8,0.0017,49,30
08023400,80.2,0.00138,51,40
08023424,0.89,0.00828,50,13
08023500,154,0.001,51,16
08024000,111,0.00131,52,20
08024030,45.9,0.00178,52,49
08024080,12.5,0.00318,53,10
08024200,130,0.00152,53,11
08024290,0.7,0.02616,50,8
08024400,6508,0.00028,46,24
08024500,123,0.00223,49,14
08025400,78.6,0.00225,54,15
08025500,148,0.00169,54,45
08026700,22.4,0.00208,55,29
08027200,40.6,0.00182,56,15
08027500,115,0.0015,56,17
08028500,8229,0.00028,47,37
08028505,3.77,0.00538,54,8
08028700,13.1,0.00216,56,27
08029500,128,0.00228,52,54
08030000,69.2,0.00085,55,32
08030500,9329,0.00027,48,48
08030700,12.4,3e-04,57,8
08031000,83.3,0.00049,56.5,37
08031100,1.09,0.00682,41.5,9
08031200,232,0.00082,40,28
08032000,1145,6e-04,41,23
08032100,0.39,0.0117,40.5,8
08032300,1.57,0.00898,42,8
08032500,1945,0.00042,41,18
08033000,2724,0.00035,43,25
08033250,1.17,0.0052,43,8
08033300,79,0.00144,43,28
08033450,0.52,0.00798,44,8
08033480,0.15,0.03198,47,8
08033500,3636,0.00032,43,57
08033700,146,0.00177,44.5,9
08033900,158,0.00141,45.5,26
08034500,376,0.00098,43,10
08037000,1600,0.00052,44.5,27
08037050,31.3,0.00255,45,27
08037300,0.9,0.02128,46,8
08038000,503,0.00084,47,67
08038500,2892,0.00039,45,9
08039100,89,0.00191,48.5,47
08039500,3486,0.00045,45.5,26
08039900,0.46,0.01434,51,8
08041000,7951,0.00027,44,32
08041400,5.03,0.00531,52,8
08041500,860,0.00085,51,70
08041700,336,0.00043,51,38
08042000,262,0.00023,53,33
08042500,128,0.00029,54,30
08042550,6.25,0.00034,49,8
08042700,21.6,0.0053,27.5,25
08042800,683,0.00101,27.5,51
08043500,1147,0.00086,28,23
08043950,312,0.0016,29,19
08044200,2.95,0.00973,31.5,9
08044800,75.6,0.00437,31.9,14
08045500,2069,0.00073,30,8
08046000,251,0.00228,30.5,9
08047500,518,0.00212,30.5,27
08048900,5.86,0.00622,32,8
08048970,84.5,0.00293,33.6,17
08049550,29.6,0.00317,31.5,13
08049580,25.5,0.00232,34,21
08049700,62.8,0.00285,32,46
08050000,273,0.00208,33,9
08050200,0.77,0.01008,33,17
08050300,46,0.003,33.75,17
08050400,174,0.0042,33,20
08050500,381,0.0027,32.5,17
08050800,38.8,0.00249,35,21
08050840,29.2,0.00178,37.7,14
08051000,266,0.00158,35,37
08051500,295,0.00192,33,58
08052630,2.1,0.00753,37.5,11
08052700,75.5,0.00196,37.5,9
08053100,1.7,0.02199,31,9
08054000,621,0.00146,32,21
08054200,0.5,0.00758,33,9
08055500,2459,0.00099,34,27
08057000,6106,0.00069,32,33
08057500,2.14,0.01025,38,21
08058000,1.26,0.01438,38,25
08059200,0.52,0.01448,39,9
08061500,840,0.00143,39,29
08061540,120,0.00229,36,38
08062850,13,0.00164,38,8
08063000,733,0.00093,39,16
08063005,0.9,0.00665,40,9
08063180,0.72,0.00631,36.5,9
08063500,734,0.00154,35,23
08063550,0.84,0.00188,33,9
08063620,0.62,0.00808,36,10
08064500,963,0.00119,36,26
08064630,0.22,0.01684,39,8
08064700,142,0.00204,38,39
08065200,150,0.00157,40,44
08065320,4.26,0.00548,41.5,8
08065700,112,0.00195,40,13
08065800,321,0.00148,41,38
08066100,222,0.00174,43,20
08066170,57,0.00242,44,40
08066200,141,0.00203,47,43
08066280,0.62,0.00868,48.5,8
08066300,152,0.00143,48,40
08066400,38.8,0.00344,47,24
08067500,64.9,0.00053,49,34
08067550,2.35,0.00393,43,9
08067750,0.13,0.01994,43,9
08068000,828,0.00096,43.5,37
08068300,4.07,0.00354,43,8
08068450,34.5,0.00111,45.4,11
08068500,409,0.00116,44,67
08068720,110,0.00111,42.5,30
08068740,131,0.00094,43,31
08068780,41,0.00111,44,23
08068800,214,0.00095,44,23
08069500,1741,0.00079,43,26
08069850,1.46,0.00845,46,8
08070000,325,0.00104,45,66
08070200,338,9e-04,45,21
08070500,105,0.00166,43,62
08071000,117,0.00188,46,41
08071280,218,0.00117,48,21
08071500,2800,7e-04,45,17
08072300,63.3,0.00077,43,28
08072700,32.3,0.00099,44,10
08072730,21.5,0.00094,43,28
08072760,24.6,0.00079,44,28
08072800,48.9,0.00091,44,11
08074020,34.5,8e-04,44,21
08074100,7.05,0.00132,44,8
08074900,11.2,0.00388,44,8
08075300,3.81,0.00374,44,8
08075600,1.58,5e-04,48,8
08075700,4.86,0.00262,48,8
08075750,1.2,0.00349,48,8
08077550,18,0.00077,48,9
08078000,87.7,0.00052,50,59
08079500,200,0.00141,17.5,12
08079570,4.99,0.01208,19,9
08079575,438,0.00173,19,10
08079580,2.77,0.01004,19,9
08079600,244,0.00316,19,44
08080500,1864,0.0014,19,34
08080510,3.02,0.00552,22,10
08080540,79.2,0.00634,20,13
08080700,382,0.00172,17,40
08080750,8.37,0.00047,19,9
08080918,65.1,0.00406,20.5,9
08080950,279,0.00293,20.3,25
08081200,290,0.0036,21,27
08081500,64.3,0.00441,21.5,21
08082000,2496,0.00163,19,26
08082100,88.8,0.00202,22,18
08082180,251,0.00224,22,21
08082500,5972,0.0014,20.5,39
08082700,104,0.00133,24.5,42
08082900,3.58,0.00702,25,9
08083100,228,0.00248,22.5,44
08083240,1416,0.0014,23,22
08083245,205,0.00335,23.5,21
08083400,39.1,0.00622,23.5,16
08083420,13,0.0026,24,15
08084000,2199,0.00128,23,14
08084800,478,0.00144,23,43
08085300,3.51,0.00361,24.5,9
08085500,3988,0.001,23,14
08086050,228,0.00312,25,17
08086100,454,0.00261,25,14
08086150,39.3,0.00687,25,28
08086212,613,0.00241,25,39
08086260,26.4,0.00507,26,9
08086290,280,0.00153,26.5,44
08086300,298,0.00163,26.5,14
08087300,5697,0.00091,23.5,31
08088100,11.8,0.00249,26,20
08088300,24.2,0.00292,27.5,31
08088450,97,0.00255,27.5,25
08089100,1.1,0.00927,29,9
08090500,573,0.00193,29,14
08090850,3.37,0.01036,30.5,9
08091500,410,0.00258,30,32
08091700,7.82,0.00661,30,9
08092000,282,0.00248,32,17
08093200,0.36,0.00598,34,10
08093250,57.9,0.00173,34,13
08093500,308,0.00155,34,44
08093700,95.9,0.00297,28.1,21
08094000,4.19,0.00785,29,23
08094800,359,0.00231,28.6,43
08095000,968,0.00184,30,83
08095200,1146,0.00177,30,47
08095220,15.9,0.00539,34,8
08095250,2.52,0.00483,34,8
08095300,182,0.00367,32,46
08095400,78.2,0.00326,32.5,17
08096550,0.34,0.01184,34,9
08096800,5.04,0.00831,34,18
08098203,0.9,0.00622,36,32
08098206,1.73,0.00539,36,33
08098227,0.21,0.01145,36,37
08098239,0.48,0.00956,36,36
08098242,6.84,0.0034,36,24
08098263,0.28,0.01232,36,38
08098281,0.2,0.01073,36,38
08098300,23,0.00228,35,24
08099350,0.48,0.01347,27,9
08099500,1261,0.00177,27,24
08100000,1891,0.00135,27.2,8
08100100,2.91,0.01401,28,9
08100400,0.5,0.02791,32,8
08100500,2342,0.0011,28,12
08100800,5.56,0.01123,27.5,9
08101000,455,0.00251,28,56
08102500,3542,0.00096,28,30
08102900,0.9,0.0117,29,8
08103900,33.3,0.00685,30,44
08104000,1240,0.00199,29,43
08104700,248,0.00309,31,11
08104850,8.9,0.00791,30,8
08104900,133,0.00376,31,39
08105000,405,0.00303,31,39
08105100,83.1,0.00304,32,36
08105400,599,0.00277,32,19
08105700,738,0.0024,32,15
08105900,3.52,0.00249,33,8
08106500,7065,0.00084,31,36
08108200,44.8,0.00194,35,11
08108800,0.14,0.00829,38,9
08109700,236,0.00129,35,44
08109800,244,0.00137,36,44
08110000,1009,0.00078,36,42
08110100,195,0.00157,36,44
08110350,4.42,0.00292,38,9
08110430,57.1,0.00137,39,28
08110500,968,0.00073,38,14
08111100,0.75,0.00748,39,9
08111700,376,0.00152,40,36
08114900,5.78,0.00061,43,8
08115000,42.8,0.00054,43,58
08115500,26.2,0.00083,43,8
08116400,8.65,0.00064,43,21
08117500,727,0.00076,42,51
08117995,498,0.00218,18,17
08119000,42.6,0.00355,19.5,18
08120500,188,0.00266,20,39
08121500,230,0.00244,18,9
08123500,177,0.00319,21,12
08123620,41.8,0.0018,16,9
08123750,2.38,0.00568,17.5,10
08123760,0.4,0.01993,18,9
08123800,1988,0.00145,17,30
08123920,3.71,0.04279,19.5,8
08124000,5047,0.00088,15.5,14
08126380,6098,0.00123,16.5,41
08127000,450,0.00312,24.5,50
08127100,2.73,0.01445,20,10
08128000,354,0.00253,20,74
08128400,1611,0.00144,17,45
08128500,1685,0.00143,17,31
08129300,405,0.00253,18,43
08130500,198,0.00297,19,44
08131000,671,0.00249,18,30
08131400,81.1,0.0044,20,30
08133300,3.25,0.01454,17,10
08133500,568,0.00201,17,63
08133800,2.03,0.01553,18.5,10
08134000,1191,0.00179,18,81
08134300,0.59,0.01395,19,10
08134400,0.19,0.01794,19,10
08135000,1450,0.00157,18.5,17
08136000,4411,0.00143,17,15
08136200,12,0.00256,21,9
08136500,5443,0.0013,18,15
08136900,21.8,0.00459,26,8
08137000,4.02,0.00467,26,17
08137500,70,0.0031,26,10
08139000,3.42,0.01062,25,24
08140000,5.41,0.00847,25.5,20
08141100,2.17,0.00726,25,9
08143500,1660,0.00187,25,8
08143700,2.48,0.01725,26.5,9
08144500,1128,0.00181,21,88
08144600,1626,0.00168,22,24
08145000,588,0.00203,24.5,23
08145100,4.05,0.00659,25,8
08146000,3039,0.00152,24,47
08148500,914,0.00225,22,65
08150000,1851,0.00189,22.5,88
08150200,0.58,0.03107,23.5,8
08150700,3242,0.00166,23,36
08150800,215,0.00488,26,42
08150900,0.4,0.02891,25.5,9
08151000,3742,0.00154,23,15
08151300,5.66,0.01438,26,8
08151500,4192,0.00156,23.5,67
08152000,346,0.0047,28,38
08152700,3.2,0.00749,30,8
08152800,15.2,0.00898,28,8
08152900,369,0.00334,28,25
08153000,647,0.00263,28.5,10
08153100,1.37,0.01314,30.5,9
08153500,901,0.00276,30,67
08154000,1294,0.00251,30,15
08154700,22.3,0.00906,31.5,28
08155200,89.7,0.00428,32,25
08155240,107,0.00323,32,18
08155300,116,0.00357,32,31
08155400,125,0.00328,32,8
08158700,124,0.00295,32.5,27
08158810,12.2,0.01052,33,28
08158840,8.24,0.00991,32.5,29
08158900,0.18,0.02355,32,9
08159150,4.61,0.00728,32,17
08159450,5.22,0.00775,36,10
08160000,1.48,0.01325,36.5,26
08160800,17.3,0.00343,40.5,44
08161580,0.68,0.00214,41,8
08162600,145,0.00063,42,34
08163500,108,0.00231,38,59
08164000,817,0.00103,37.5,68
08164300,332,0.00158,38.5,45
08164350,437,0.00119,39,12
08164390,579,0.00076,38,9
08164450,289,0.00113,41,29
08164500,826,0.00091,40,42
08164503,178,0.00052,41,29
08164504,53.9,0.00055,41.4,10
08164600,91.7,0.00129,37,36
08164800,68.3,0.00089,38,36
08165300,168,0.00385,27,39
08165500,288,0.00362,27.5,41
08166000,114,0.00474,27,57
08166200,510,0.00317,27,21
08166300,0.46,0.04244,29,9
08166500,762,0.00281,28.5,8
08167000,839,0.00284,28.5,68
08167500,1315,0.00205,30,83
08167600,10.9,0.01473,33,14
08168500,1518,0.00187,31,36
08168720,0.48,0.02373,32.5,9
08168750,0.32,0.03107,32.5,9
08169500,1652,0.00189,31.5,13
08169750,5.46,0.00295,33,8
08169850,0.24,0.00631,34.5,9
08170500,48.9,0.00481,33.3,9
08171000,355,0.0036,32.5,80
08171300,412,0.00324,32.5,50
08172000,838,0.00248,33,67
08172100,0.44,0.01491,34,9
08173000,309,0.00238,35,33
08173500,1249,0.00229,33.5,28
08174600,460,0.00148,36.5,26
08175000,549,0.00157,33,51
08176000,4923,0.00121,34,23
08176200,15.5,0.00349,35,8
08176500,5198,0.0011,34,29
08176550,167,0.0012,32,20
08176600,0.48,0.00884,34,9
08176900,357,0.00196,34,28
08177000,369,0.00157,34,31
08177300,28,0.00326,34,28
08177500,514,0.00145,34,17
08178500,2.64,0.00565,30,14
08178600,9.54,0.00891,32,9
08178640,2.45,0.01555,32,13
08178736,0.45,0.01159,30,8
08178880,427,0.00376,30,24
08179000,474,0.00331,30,42
08179100,56.3,0.00925,30,25
08179200,0.3,0.01733,30,8
08181000,5.57,0.01354,31,12
08181200,1.08,0.01676,31,9
08181400,15,0.01074,31,38
08182400,7.01,0.00612,30,21
08183900,68.4,0.0067,32,15
08184000,198,0.00421,32.5,20
08185000,274,0.00347,32.5,32
08186000,827,0.00225,32,47
08186500,239,0.00145,32,31
08187000,3.29,0.0092,30,19
08187900,8.43,0.00576,31,20
08188400,3.02,0.00629,33.5,9
08189200,87.8,0.00083,38,36
08189300,204,0.00163,30,21
08189500,690,0.00113,32,67
08189600,0.58,0.00494,31.5,8
08189700,247,0.00182,31,43
08189800,128,0.0011,33,21
08190000,737,0.00326,24.5,84
08190500,694,0.00287,22,61
08191500,1833,0.00226,24.5,11
08192000,1861,0.00296,24,79
08192500,2150,0.00232,24,8
08193000,4082,0.00203,22.5,9
08194000,5171,0.00173,22.5,25
08194200,469,0.00171,23,45
08194550,0.36,0.00947,23.5,9
08194600,8561,0.00134,21.5,13
08195000,389,0.0043,26.5,82
08196000,126,0.00506,26,54
08197500,631,0.00397,26,55
08198000,206,0.00536,27.5,64
08198500,241,0.00436,27,54
08198900,10.6,0.00396,26.5,8
08200000,95.6,0.00792,28.5,54
08200500,132,0.00577,28,12
08200700,149,0.0052,28,46
08200900,0.19,0.00997,28.5,9
08201500,45,0.00763,28,45
08202000,53.2,0.00908,28,9
08202500,87.4,0.00655,28,12
08202700,168,0.0047,27.5,46
08203500,1.21,0.00555,24.5,9
08205500,3429,0.0025,26,91
08206600,4493,0.00191,26,28
08206700,783,0.00152,24.5,42
08207000,5491,0.00183,26,52
08207200,9.33,0.0055,27.5,8
08208000,1171,0.0012,27,76
08210400,155,0.0023,27,20
08211520,90.3,9e-04,31,34
08211550,3.28,0.00199,30,9
08212400,476,0.00212,25,25
08365800,6.4,0.02385,8,20
08370200,2.35,0.01845,8.5,9
08370800,0.74,0.0191,11,8
08374000,1504,0.00771,13,52
08374500,1070,0.00568,12,52
08376300,195,0.00881,14,14
08377600,0.32,0.02304,17,9
08383370,0.37,0.07027,13,41
08385530,9.71,0.00379,15.5,34
08385600,242,0.00511,13,47
08393200,31,0.02083,13.4,18
08393600,19.5,0.00905,12,30
08393900,397,0.00739,14.29,47
08394500,932,0.00746,16,56
08400000,265,0.00759,14,50
08401200,220,0.01458,14,38
08401800,254,0.00947,13.2,14
08401900,285,0.01326,14.5,41
08405100,14.6,0.01364,14.5,43
08405500,343,0.00902,15,59
08407800,38,0.01232,9.5,9
08408500,689,0.00748,14,67
08411500,464,0.00584,9.5,15
08424500,53.8,0.01983,17,18
08431700,52.4,0.02455,18,24
08431800,227,0.01338,17,16
08433000,612,0.00478,15.5,12
08435700,29.7,0.02264,15,9
08435800,1182,0.00509,15,14
08436800,1.14,0.00623,12,9
08444400,1.04,0.02243,13,10
08447020,763,0.00513,15,16
08447200,7.53,0.00767,18,8
08449000,2730,0.00193,20,35
08449400,3961,0.00188,20.5,16
08449470,7.9,0.00784,18,8
08449500,4185,0.00188,20.5,46
08449600,0.39,0.01888,19,9
08450500,4305,0.00183,20.5,13
08453000,46,0.00385,18,38
08453100,10,0.00523,18,9
08454900,3.39,0.00399,20.5,9
08455000,249,0.0033,21,54
08459600,0.61,0.01873,21.5,9
08466100,1.2,0.01169,22,9
08466200,0.4,0.00681,22,9
